,CrimeCount,Crowd,TimeBin,TimeSq
0,1.75,0,-67.9415,4616.047422250001
1,1.0,0,-63.8235,4073.4391522500005
2,1.75,0,-59.706,3564.8064360000003
3,1.3333333333333333,0,-55.588,3090.025744
4,1.0,0,-51.4705,2649.2123702500003
5,1.0,0,-47.352999999999994,2242.3066089999993
6,1.6666666666666667,0,-43.235,1869.2652249999999
7,3.0,0,-39.1175,1530.17880625
8,1.5,0,-35.0,1225.0
9,1.5,0,-30.8825,953.72880625
10,1.5,0,-26.765,716.365225
11,1.75,0,-22.647,512.8866089999999
12,1.6666666666666667,0,-18.5295,343.34237024999993
13,2.0,0,-14.411999999999999,207.70574399999998
14,2.25,0,-10.294,105.96643600000002
15,1.5,0,-6.1765,38.14915225
16,1.5,0,-2.059,4.2394810000000005
17,3.0,1,2.059,4.2394810000000005
18,3.0,1,6.1765,38.14915225
19,1.5,1,10.294,105.96643600000002
20,1.25,1,14.411999999999999,207.70574399999998
21,3.3333333333333335,1,18.5295,343.34237024999993
22,1.0,1,22.647,512.8866089999999
23,1.0,1,26.765,716.365225
24,1.6666666666666667,1,30.8825,953.72880625
25,2.0,1,35.0,1225.0
26,1.0,1,39.1175,1530.17880625
27,1.6666666666666667,1,43.235,1869.2652249999999
28,1.3333333333333333,1,47.352999999999994,2242.3066089999993
29,1.0,1,51.4705,2649.2123702500003
30,2.0,1,55.588,3090.025744
31,1.3333333333333333,1,59.706,3564.8064360000003
32,4.0,1,63.8235,4073.4391522500005
33,2.75,1,67.941,4615.979481
